1900 15.7
1900.17 14.4
1900.33 25.3
1900.5 13.9
1900.67 13.9
1900.83 7.5
1901 0.4
1901.17 7.4
1901.33 17
1901.5 1.2
1901.67 0.9
1901.83 6.4
1902 9.3
1902.17 20.7
1902.33 4.7
1902.5 1.5
1902.67 12.6
1902.83 17.2
1903 13.9
1903.17 22.5
1903.33 24.3
1903.5 46.4
1903.67 18.5
1903.83 74.2
1904 52.6
1904.17 61.9
1904.33 65.7
1904.5 84.3
1904.67 50.2
1904.83 63.4
1905 91.2
1905.17 94.3
1905.33 79.9
1905.5 121.6
1905.67 91.8
1905.83 178.7
1906 75.8
1906.17 107.4
1906.33 96.2
1906.5 172.7
1906.67 93.5
1906.83 64.8
1907 127.4
1907.17 101.1
1907.33 71.4
1907.5 82.9
1907.67 141.7
1907.83 102.5
1908 65.4
1908.17 47.9
1908.33 68
1908.5 65.8
1908.67 144.9
1908.83 75.9
1909 94.6
1909.17 110.5
1909.33 60
1909.5 59.6
1909.67 64.7
1909.83 93
1910 44
1910.17 35.7
1910.33 36.9
1910.5 23.5
1910.67 43.7
1910.83 8.3
1911 5.6
1911.17 13
1911.33 15.1
1911.5 5.9
1911.67 6.7
1911.83 7
1912 0.4
1912.17 8.2
1912.33 7.4
1912.5 4.9
1912.67 15.9
1912.83 1.9
1913 3.8
1913.17 0.8
1913.33 0
1913.5 2.9
1913.67 2
1913.83 1.2
1914 4.7
1914.17 5.3
1914.33 8.7
1914.5 9.1
1914.67 21.2
1914.83 27.3
1915 38.5
1915.17 64.8
1915.33 55.1
1915.5 119.4
1915.67 82.4
1915.83 70.9
1916 75.5
1916.17 111.7
1916.33 124
1916.5 89.3
1916.67 75.1
1916.83 109.5
1917 124.5
1917.17 158
1917.33 190.2
1917.5 199.7
1917.67 215.6
1917.83 160.7
1918 160
1918.17 120.4
1918.33 127.9
1918.5 179.5
1918.67 133.2
1918.83 139
1919 80.2
1919.17 110.9
1919.33 146.9
1919.5 107.8
1919.67 91.1
1919.83 69.9
1920 85.3
1920.17 116.9
1920.33 55.4
1920.5 45.7
1920.67 60.5
1920.83 45.3
1921 52.5
1921.17 44.5
1921.33 37
1921.5 69.7
1921.67 29.6
1921.83 29.6
1922 19.7
1922.17 91.3
1922.33 13.4
1922.5 18.3
1922.67 7.8
1922.83 12.2
1923 7.5
1923.17 5.5
1923.33 5.3
1923.5 5.9
1923.67 22.1
1923.83 16.7
1924 0.8
1924.17 3
1924.33 34.6
1924.5 46.9
1924.67 41.9
1924.83 37.5
1925 9.1
1925.17 30
1925.33 71.4
1925.5 64.2
1925.67 100.3
1925.83 97.6
1926 119.7
1926.17 104.2
1926.33 107
1926.5 87.2
1926.67 101.4
1926.83 100.8
1927 136
1927.17 116.1
1927.33 131.9
1927.5 91.6
1927.67 114.1
1927.83 112.1
1928 139.2
1928.17 142.4
1928.33 128.3
1928.5 163.4
1928.67 149.6
1928.83 83.9
1929 114.8
1929.17 83.8
1929.33 97
1929.5 117.1
1929.67 57.3
1929.83 135.1
1930 108.8
1930.17 58.4
1930.33 61.4
1930.5 36.5
1930.67 53.5
1930.83 59.4
1931 24.4
1931.17 50.1
1931.33 40.8
1931.5 29
1931.67 31.7
1931.83 31.2
1932 20.1
1932.17 18.8
1932.33 29.7
1932.5 16
1932.67 6.6
1932.83 13.7
1933 20.4
1933.17 16.8
1933.33 5.3
1933.5 4.7
1933.67 8.5
1933.83 1
1934 5.7
1934.17 7.2
1934.33 32.9
1934.5 15.3
1934.67 6.7
1934.83 14.5
1935 31.1
1935.17 38.5
1935.33 45.4
1935.5 56.5
1935.67 70.1
1935.83 107
1936 104.7
1936.17 128.4
1936.33 90.9
1936.5 87.2
1936.67 126.7
1936.83 192.3
1937 220.9
1937.17 139.7
1937.33 194.4
1937.5 241.8
1937.67 167.9
1937.83 123.9
1938 164
1938.17 144.2
1938.33 212.3
1938.5 275.6
1938.67 149.3
1938.83 203.6
1939 133.9
1939.17 107.8
1939.33 197.3
1939.5 162.6
1939.67 187.7
1939.83 113.7
1940 84.1
1940.17 138.9
1940.33 90.6
1940.5 112.5
1940.67 110.8
1940.83 97.4
1941 76.1
1941.17 77.5
1941.33 49
1941.5 111.4
1941.67 109.8
1941.83 64
1942 59.5
1942.17 90.4
1942.33 41.8
1942.5 29.6
1942.67 28.7
1942.83 51.3
1943 20.7
1943.17 45.7
1943.33 23.6
1943.5 22
1943.67 16.7
1943.83 17
1944 6.1
1944.17 18.3
1944.33 4.1
1944.5 8.5
1944.67 23.7
1944.83 17.9
1945 30.8
1945.17 35.9
1945.33 51
1945.5 71
1945.67 58.1
1945.83 76.6
1946 79.3
1946.17 127.7
1946.33 141.6
1946.5 193.7
1946.67 157.4
1946.83 206.3
1947 163.7
1947.17 183.8
1947.33 285
1947.5 223.5
1947.67 239.9
1947.83 181.3
1948 153.6
1948.17 134.3
1948.33 246.4
1948.5 201.4
1948.67 202.9
1948.83 135.6
1949 168.6
1949.17 223
1949.33 150.4
1949.5 178.3
1949.67 205.8
1949.83 203.2
1950 143.9
1950.17 155.4
1950.33 150.5
1950.5 128.9
1950.67 72.7
1950.83 77.7
1951 85
1951.17 79.3
1951.33 153.7
1951.5 87.2
1951.67 117.7
1951.83 74.2
1952 57.9
1952.17 31.5
1952.33 33.6
1952.5 56.1
1952.67 40.4
1952.83 31.8
1953 37.9
1953.17 14.7
1953.33 18.3
1953.5 12.7
1953.67 28
1953.83 2.5
1954 0.4
1954.17 15.8
1954.33 1.2
1954.5 7.3
1954.67 2.3
1954.83 13.4
1955 33.4
1955.17 7.3
1955.33 41.3
1955.5 38.2
1955.67 60.8
1955.83 126.3
1956 104.1
1956.17 167.7
1956.33 193.4
1956.5 182.7
1956.67 245.4
1956.83 285
1957 233.7
1957.17 222.8
1957.33 233
1957.5 265.1
1957.67 334
1957.83 298.6
1958 286.7
1958.17 270
1958.33 248.2
1958.5 271
1958.67 285.1
1958.83 215.6
1959 307.7
1959.17 263
1959.33 243.6
1959.5 211.9
1959.67 205.6
1959.83 175.6
1960 207.2
1960.17 144.6
1960.33 169.3
1960.5 172.4
1960.67 180.1
1960.83 126.9
1961 82.1
1961.17 75.2
1961.33 72.3
1961.5 99.3
1961.67 90.1
1961.83 46.5
1962 55.1
1962.17 64.9
1962.33 61.9
1962.5 31.4
1962.67 72.7
1962.83 38.8
1963 28.7
1963.17 24.8
1963.33 61.1
1963.5 28.7
1963.67 55.2
1963.83 33.7
1964 22.6
1964.17 24.1
1964.33 14.3
1964.5 4.8
1964.67 7
1964.83 11.1
1965 25.4
1965.17 17.5
1965.33 34.5
1965.5 17.3
1965.67 24.5
1965.83 22.8
1966 40.3
1966.17 36.4
1966.33 64.2
1966.5 80.2
1966.67 71.1
1966.83 81
1967 157
1967.17 158.3
1967.33 122.5
1967.5 129.5
1967.67 108.7
1967.83 133.6
1968 172.5
1968.17 130.5
1968.33 180
1968.5 136.2
1968.67 166
1968.83 121.7
1969 147.8
1969.17 192.3
1969.33 169.9
1969.5 137.1
1969.67 129.3
1969.83 132.4
1970 157.9
1970.17 145.7
1970.33 180.5
1970.5 159.3
1970.67 140.8
1970.83 134.8
1971 129.2
1971.17 85.9
1971.33 81.5
1971.5 114.7
1971.67 71.3
1971.83 89.5
1972 87
1972.17 113.5
1972.33 113.9
1972.5 108.3
1972.67 90.7
1972.83 59.2
1973 61.8
1973.17 65.4
1973.33 60.3
1973.5 33.2
1973.67 84.1
1973.83 34.3
1974 39.4
1974.17 30.9
1974.33 56.3
1974.5 79.1
1974.67 57.2
1974.83 35.9
1975 27.3
1975.17 16.9
1975.33 13.1
1975.5 40.4
1975.67 20.3
1975.83 27.9
1976 11.9
1976.17 31.5
1976.33 18.2
1976.5 2.9
1976.67 20
1976.83 7.9
1977 23.8
1977.17 13
1977.33 27
1977.5 30.6
1977.67 62.4
1977.83 41.6
1978 73.7
1978.17 108.4
1978.33 117.1
1978.5 99.7
1978.67 195.7
1978.83 138.5
1979 235.9
1979.17 195.3
1979.33 190.3
1979.5 225.7
1979.67 266.9
1979.83 259.5
1980 226.1
1980.17 178.7
1980.33 254.7
1980.5 192.9
1980.67 219.6
1980.83 209.5
1981 156.6
1981.17 196.6
1981.33 194.7
1981.5 205.3
1981.67 245.3
1981.83 186
1982 149.8
1982.17 221.1
1982.33 119.3
1982.5 139.4
1982.67 167.4
1982.83 127.5
1983 115.5
1983.17 88.7
1983.33 132.5
1983.5 108.9
1983.67 69.9
1983.83 45.7
1984 74.8
1984.17 116.7
1984.33 96.9
1984.5 55.7
1984.67 22.6
1984.83 26.5
1985 17.8
1985.17 16.9
1985.33 32.4
1985.5 39.9
1985.67 4.3
1985.83 17.9
1986 2.8
1986.17 13.8
1986.33 16.1
1986.5 18.1
1986.67 5.1
1986.83 15.4
1987 9.8
1987.17 17.4
1987.33 39.1
1987.5 38.2
1987.67 42.2
1987.83 48.8
1988 70.5
1988.17 91.2
1988.33 74.2
1988.5 131.4
1988.67 142.7
1988.83 156.8
1989 210.1
1989.17 170.4
1989.33 195.4
1989.5 180.5
1989.67 225.1
1989.83 238.2
1990 227.4
1990.17 191.7
1990.33 175.2
1990.5 191.1
1990.67 169.1
1990.83 178.8
1991 195.3
1991.17 197
1991.33 166.9
1991.5 240.2
1991.67 168.9
1991.83 159.5
1992 198.3
1992.17 151
1992.33 94.3
1992.5 114.2
1992.67 94
1992.83 129.6
1993 81.4
1993.17 102.4
1993.33 78.8
1993.5 80.4
1993.67 31.2
1993.83 48.2
1994 84.9
1994.17 47.5
1994.33 29.8
1994.5 50.6
1994.67 40.5
1994.83 29.5
1995 32.6
1995.17 46.3
1995.33 19.4
1995.5 20.4
1995.67 15.7
1995.83 14
1996 13.3
1996.17 12.6
1996.33 7.6
1996.5 11.8
1996.67 3
1996.83 24.9
1997 7.4
1997.17 12.1
1997.33 25.4
1997.5 12.9
1997.67 59.7
1997.83 50.4
1998 44.5
1998.17 82
1998.33 74
1998.5 96.7
1998.67 132
1998.83 97.3
1999 86
1999.17 103.5
1999.33 149.6
1999.5 173.5
1999.67 106.3
1999.83 188.3
2000 133.1
2000.17 217.7
2000.33 165.9
2000.5 244.3
2000.67 156
2000.83 158.1
2001 142.6
2001.17 165.8
2001.33 142.1
2001.5 123
2001.67 238.2
2001.83 176.6
2002 184.6
2002.17 147.1
2002.33 187.5
2002.5 161
2002.67 187.9
2002.83 147.2
2003 133.5
2003.17 100.7
2003.33 86.8
2003.5 128.3
2003.67 78.5
2003.83 82.9
2004 60.6
2004.17 74.8
2004.33 72.8
2004.5 83.8
2004.67 48.8
2004.83 70.1
2005 48.1
2005.17 39.6
2005.33 61.9
2005.5 62.4
2005.67 37.2
2005.83 27.5
2006 20.9
2006.17 17.3
2006.33 37.2
2006.5 22.2
2006.67 23.7
2006.83 35.7
2007 29.3
2007.17 7.2
2007.33 19.5
2007.5 15.1
2007.67 4
2007.83 2.8
2008 4.1
2008.17 15.5
2008.33 4.6
2008.5 0.6
2008.67 1.2
2008.83 6.6
2009 1.3
2009.17 0.6
2009.33 2.9
2009.5 5.5
2009.67 7.1
2009.83 6.9
2010 19.5
2010.17 24
2010.33 13.9
2010.5 25.2
2010.67 36.4
2010.83 34.4
2011 27.3
2011.17 78.6
2011.33 58.2
2011.5 64.5
2011.67 120.1
2011.83 139.1
2012 94.4
2012.17 86.6
2012.33 96.5
2012.5 100.1
2012.67 93.7
2012.83 87.6
2013 96.1
2013.17 78.3
2013.33 120.2
2013.5 86.2
2013.67 54.5
2013.83 113.9
2014 117
2014.17 128.7
2014.33 112.5
2014.5 100.2
2014.67 130
2014.83 103.6
2015 93
2015.17 54.5
2015.33 88.8
2015.5 65.8
2015.67 78.6
2015.83 62.2
2016 57
2016.17 54.1
2016.33 51.5
2016.5 32.4
2016.67 44.6
2016.83 21.4
2017 26.1
2017.17 17.7
2017.33 18.9
2017.5 17.8
2017.67 43.7
2017.83 5.7
2018 6.8
2018.17 2.5
2018.33 13.1
2018.5 1.6
2018.67 3.3
2018.83 4.9
2019 7.7
2019.17 9.4
2019.33 9.9
2019.5 0.9
2019.67 1.1
2019.83 0.5
2020 6.2
2020.17 1.5
2020.33 0.2
2020.5 6.1
2020.67 0.6
2020.83 34.5
2021 10.4
2021.17 17.2
2021.33 21.2
2021.5 34.3
2021.67 51.3
2021.83 34.8
2022 55.3
2022.17 78.6
2022.33 96.5
2022.5 91.4
2022.67 96
2022.83 80.5
2023 144.4
2023.17 123.3
2023.33 137.4
2023.5 160
2023.67 134.2
2023.83 107.1
2024 126
2024.17 103.7
2024.33 172.1
2024.5 196.8
2024.67 141.1
2024.83 154.1
2025 137
2025.17 134.2
2025.33 78.5
2025.5 125.9
2025.67 129.7
2025.83 91.8
2026 112.6
